((("cmake-ide-setup" .
   [0 0 0 0 0 0 0 0 0 0 0 0 1 0 0])
  ("average" .
   [0 0 0 0 1 0 0])
  ("float" .
   [1 0 1 0 0])
  ("np" .
   [2 0])
  ("astype" .
   [2 0 0 0 0 0])
  ("a" .
   [2])
  ("sum" .
   [0 0 2])
  ("vectorLength" .
   [0 0 0 4 0 0 0 0 0 0 0 0])
  ("radian" .
   [5 0 0 0 0 0])
  ("degrees" .
   [0 0 0 1 0 0 0])
  ("x" .
   [2])
  ("y" .
   [3])
  ("atan2" .
   [2 0 0 0 1])
  ("helm-M-x" .
   [0 0 0 0 0 0 1 0])
  ("delete-window" .
   [1 0 0 0 0 0 0 0 0 0 0 0 0])
  ("Main" .
   [0 0 0 1])))
